{
  "description": "Statistical properties extracted from Tennessee Eastman Process dataset",
  "source": "TEP_FaultFree_Training.RData + TEP_Faulty_Training.RData",
  "n_samples_faultfree": 250000,
  "variable_mapping": {
    "hydrocarbon_flow": "original_index_0",
    "pipeline_flow": "original_index_5",
    "pipeline_pressure": "original_index_6",
    "tank_level": "original_index_7",
    "pipeline_temperature": "original_index_8",
    "tank_temperature": "original_index_10",
    "separator_level": "original_index_11",
    "tank_pressure": "original_index_12",
    "pump_outlet_pressure": "original_index_15",
    "pump_flow": "original_index_16",
    "pump_temperature": "original_index_17",
    "pump_power": "original_index_19",
    "isolation_valve": "original_index_43",
    "relief_valve": "original_index_46",
    "steam_valve": "original_index_49",
    "pump_speed": "original_index_50"
  },
  "baseline_statistics": {
    "hydrocarbon_flow": {
      "mean": 0.2504821062,
      "std": 0.030873419070953603,
      "min": 0.12245,
      "max": 0.39174,
      "autocorr_lag1": 0.6903478790000361,
      "autocorr_lag2": 0.38212087201767714
    },
    "pipeline_flow": {
      "mean": 42.33759832799999,
      "std": 0.21851304071749222,
      "min": 41.394,
      "max": 43.257,
      "autocorr_lag1": 0.03157128337021004,
      "autocorr_lag2": 0.020779615794792768
    },
    "pipeline_pressure": {
      "mean": 2705.0378652,
      "std": 7.525580728862654,
      "min": 2672.3,
      "max": 2739.1,
      "autocorr_lag1": 0.9666268333052269,
      "autocorr_lag2": 0.9227892914188222
    },
    "tank_level": {
      "mean": 75.00008568000001,
      "std": 0.5420247149668893,
      "min": 72.649,
      "max": 77.514,
      "autocorr_lag1": 0.1471459157682994,
      "autocorr_lag2": 0.141923650882314
    },
    "pipeline_temperature": {
      "mean": 120.40002180000002,
      "std": 0.019108467357693157,
      "min": 120.31,
      "max": 120.48,
      "autocorr_lag1": -0.16143987141439212,
      "autocorr_lag2": 0.2843265545273945
    },
    "tank_temperature": {
      "mean": 80.106814644,
      "std": 0.238583250072492,
      "min": 78.98,
      "max": 81.11,
      "autocorr_lag1": 0.7688448955105655,
      "autocorr_lag2": 0.4945133905278067
    },
    "separator_level": {
      "mean": 49.99962626,
      "std": 1.0076123672297856,
      "min": 45.874,
      "max": 54.291,
      "autocorr_lag1": -0.0003536178548913624,
      "autocorr_lag2": -0.0031129023442077043
    },
    "tank_pressure": {
      "mean": 2633.769686,
      "std": 7.865832140428881,
      "min": 2598.9,
      "max": 2669.5,
      "autocorr_lag1": 0.9605072212316451,
      "autocorr_lag2": 0.913861161319181
    },
    "pump_outlet_pressure": {
      "mean": 3102.225506,
      "std": 6.5195823703642235,
      "min": 3072.7,
      "max": 3131.3,
      "autocorr_lag1": 0.9591155448396965,
      "autocorr_lag2": 0.8981656068503386
    },
    "pump_flow": {
      "mean": 22.948178287999998,
      "std": 0.6168243855404787,
      "min": 20.125,
      "max": 25.65,
      "autocorr_lag1": -0.0065233623878269455,
      "autocorr_lag2": -0.017563908928901688
    },
    "pump_temperature": {
      "mean": 65.80101112,
      "std": 0.42552027396628894,
      "min": 63.933,
      "max": 67.53,
      "autocorr_lag1": 0.9917883130997465,
      "autocorr_lag2": 0.9770323444403253
    },
    "pump_power": {
      "mean": 341.43146695999997,
      "std": 1.649825141531174,
      "min": 334.22,
      "max": 348.1,
      "autocorr_lag1": 0.9711595763751636,
      "autocorr_lag2": 0.9543527233789149
    },
    "isolation_valve": {
      "mean": 24.63947244,
      "std": 3.037736496747611,
      "min": 11.977,
      "max": 38.351,
      "autocorr_lag1": 0.6902118378657964,
      "autocorr_lag2": 0.3824040879210824
    },
    "relief_valve": {
      "mean": 40.055456379999995,
      "std": 1.5267483497398304,
      "min": 33.389,
      "max": 47.498,
      "autocorr_lag1": 0.6041053979173842,
      "autocorr_lag2": 0.2297867650135062
    },
    "steam_valve": {
      "mean": 47.958590535999996,
      "std": 2.716514481508102,
      "min": 36.641,
      "max": 59.616,
      "autocorr_lag1": 0.9947581624298143,
      "autocorr_lag2": 0.9879371712383986
    },
    "pump_speed": {
      "mean": 41.104304395999996,
      "std": 0.5408161671724276,
      "min": 38.586,
      "max": 43.93,
      "autocorr_lag1": -0.1554470416454328,
      "autocorr_lag2": 0.35121050109701407
    }
  },
  "covariance_matrix": {
    "variables": [
      "hydrocarbon_flow",
      "pipeline_flow",
      "pipeline_pressure",
      "tank_level",
      "pipeline_temperature",
      "tank_temperature",
      "separator_level",
      "tank_pressure",
      "pump_outlet_pressure",
      "pump_flow",
      "pump_temperature",
      "pump_power",
      "isolation_valve",
      "relief_valve",
      "steam_valve",
      "pump_speed"
    ],
    "matrix": [
      [
        0.0009531718178179938,
        0.0004084252728626576,
        -0.056424947023472366,
        -0.0002612688271345239,
        5.873231861411675e-05,
        0.0015547844242145019,
        0.00037896503919134444,
        -0.06168835286606467,
        -0.03212655853897137,
        0.00017388030817104699,
        -1.642295831277723e-05,
        -0.018801626819018428,
        0.09346556344132063,
        0.005231814937192192,
        -0.0004730114669527904,
        -2.1395004368572053e-06
      ],
      [
        0.0004084252728626576,
        0.04774813995616423,
        0.029231027514724454,
        -0.004596133465276893,
        0.00013260508686995117,
        -0.0014035981867079798,
        -5.93192941704519e-05,
        0.025790108075424454,
        0.05545238965559062,
        0.00012038461483599037,
        0.0065603246638912946,
        0.020931026560863375,
        0.0403117980371118,
        0.011195957618897833,
        0.04447283555311838,
        0.006605526657456747
      ],
      [
        -0.056424947023472366,
        0.029231027514724454,
        56.634591844996294,
        0.3229698251889646,
        0.010982590469002206,
        -1.0356931126304394,
        -0.2082066678868235,
        59.04043032739412,
        47.565775993312705,
        -0.13673712305926988,
        -1.1197710561452496,
        8.1637220241543,
        -5.554640282396218,
        -4.401245956303796,
        -4.622587729914665,
        0.6495348253238813
      ],
      [
        -0.0002612688271345239,
        -0.004596133465276893,
        0.3229698251889646,
        0.2937919668028049,
        -0.00036889422340090393,
        -0.015132054214914786,
        0.0010030742943403614,
        0.3141361730482122,
        0.35220981028516085,
        -0.005225436597462238,
        -0.047336073585055954,
        -0.0759025283392462,
        -0.026071458580493468,
        -0.08343530530785967,
        -0.30825900399714024,
        -0.00829043723839822
      ],
      [
        5.873231861411675e-05,
        0.00013260508686995117,
        0.010982590469002206,
        -0.00036889422340090393,
        0.0003651349852999663,
        0.0006218502081616566,
        -0.0002763792779851262,
        0.012175929548918572,
        0.0132605290113165,
        -6.606251092844963e-05,
        5.1706244408973545e-05,
        8.282475157099196e-05,
        0.005780548063000478,
        -0.0007818844766219291,
        0.0006372285152292387,
        0.006539227961079272
      ],
      [
        0.0015547844242145019,
        -0.0014035981867079798,
        -1.0356931126304394,
        -0.015132054214914786,
        0.0006218502081616566,
        0.05692219490393284,
        -0.006977047547141638,
        -1.0616169089494196,
        -0.8332889958658479,
        -0.006912319062525737,
        0.035991144341736045,
        -0.18375118141488786,
        0.15312539322316154,
        0.10002772721968005,
        0.133964494521369,
        0.004592945469406845
      ],
      [
        0.00037896503919134444,
        -5.93192941704519e-05,
        -0.2082066678868235,
        0.0010030742943403614,
        -0.0002763792779851262,
        -0.006977047547141638,
        1.0152867437413868,
        -0.22445088015788092,
        -0.1859546560061836,
        -0.004312891966210743,
        -0.0024696314825371005,
        -0.028457765929433314,
        0.036534694224502444,
        0.01196589043102294,
        -0.0023588410804396692,
        -0.009123363896494542
      ],
      [
        -0.06168835286606467,
        0.025790108075424454,
        59.04043032739412,
        0.3141361730482122,
        0.012175929548918572,
        -1.0616169089494196,
        -0.22445088015788092,
        61.87156274765501,
        49.218765743946996,
        -0.1439576404081297,
        -1.1047557767314269,
        8.84106087366893,
        -6.072426046958028,
        -4.6095043509140865,
        -4.425607755722719,
        0.7227026030707564
      ],
      [
        -0.03212655853897137,
        0.05545238965559062,
        47.565775993312705,
        0.35220981028516085,
        0.0132605290113165,
        -0.8332889958658479,
        -0.1859546560061836,
        49.218765743946996,
        42.50512430446115,
        -0.12890627543882988,
        -1.1499318309540443,
        5.298334733057175,
        -3.164723530548763,
        -3.721467253897292,
        -5.294643875586715,
        0.5432502778767352
      ],
      [
        0.00017388030817104699,
        0.00012038461483599037,
        -0.13673712305926988,
        -0.005225436597462238,
        -6.606251092844963e-05,
        -0.006912319062525737,
        -0.004312891966210743,
        -0.1439576404081297,
        -0.12890627543882988,
        0.3804738444927668,
        -0.000245539976722464,
        -0.0027491805380866303,
        0.016872131834144627,
        0.00942966504758276,
        0.021823288339671003,
        -0.004007323403447661
      ],
      [
        -1.642295831277723e-05,
        0.0065603246638912946,
        -1.1197710561452496,
        -0.047336073585055954,
        5.1706244408973545e-05,
        0.035991144341736045,
        -0.0024696314825371005,
        -1.1047557767314269,
        -1.1499318309540443,
        -0.000245539976722464,
        0.18106822782925686,
        0.11800754971760358,
        -0.0013004811754574947,
        0.16543841382670968,
        1.1214125660315037,
        0.02012673002603656
      ],
      [
        -0.018801626819018428,
        0.020931026560863375,
        8.1637220241543,
        -0.0759025283392462,
        8.282475157099196e-05,
        -0.18375118141488786,
        -0.028457765929433314,
        8.84106087366893,
        5.298334733057175,
        -0.0027491805380866303,
        0.11800754971760358,
        2.721933885363902,
        -1.8494245925089539,
        -0.48724541431286233,
        1.1533904889492648,
        0.17945294379501903
      ],
      [
        0.09346556344132063,
        0.0403117980371118,
        -5.554640282396218,
        -0.026071458580493468,
        0.005780548063000478,
        0.15312539322316154,
        0.036534694224502444,
        -6.072426046958028,
        -3.164723530548763,
        0.016872131834144627,
        -0.0013004811754574947,
        -1.8494245925089539,
        9.227879935192187,
        0.517196907839464,
        -0.04477888254035812,
        -0.0002196295033642764
      ],
      [
        0.005231814937192192,
        0.011195957618897833,
        -4.401245956303796,
        -0.08343530530785967,
        -0.0007818844766219291,
        0.10002772721968005,
        0.01196589043102294,
        -4.6095043509140865,
        -3.721467253897292,
        0.00942966504758276,
        0.16543841382670968,
        -0.48724541431286233,
        0.517196907839464,
        2.330969847312687,
        0.8751755580334132,
        -0.05098661530670764
      ],
      [
        -0.0004730114669527904,
        0.04447283555311838,
        -4.622587729914665,
        -0.30825900399714024,
        0.0006372285152292387,
        0.133964494521369,
        -0.0023588410804396692,
        -4.425607755722719,
        -5.294643875586715,
        0.021823288339671003,
        1.1214125660315037,
        1.1533904889492648,
        -0.04477888254035812,
        0.8751755580334132,
        7.379480446165019,
        0.1500308081344365
      ],
      [
        -2.1395004368572053e-06,
        0.006605526657456747,
        0.6495348253238813,
        -0.00829043723839822,
        0.006539227961079272,
        0.004592945469406845,
        -0.009123363896494542,
        0.7227026030707564,
        0.5432502778767352,
        -0.004007323403447661,
        0.02012673002603656,
        0.17945294379501903,
        -0.0002196295033642764,
        -0.05098661530670764,
        0.1500308081344365,
        0.29248329660826144
      ]
    ]
  },
  "correlation_matrix": {
    "variables": [
      "hydrocarbon_flow",
      "pipeline_flow",
      "pipeline_pressure",
      "tank_level",
      "pipeline_temperature",
      "tank_temperature",
      "separator_level",
      "tank_pressure",
      "pump_outlet_pressure",
      "pump_flow",
      "pump_temperature",
      "pump_power",
      "isolation_valve",
      "relief_valve",
      "steam_valve",
      "pump_speed"
    ],
    "matrix": [
      [
        1.0,
        0.06054088735631019,
        -0.24285367279792724,
        -0.015612844733490571,
        0.09955540103268068,
        0.21107838644865745,
        0.012182016746622691,
        -0.2540224117372496,
        -0.15960921574711442,
        0.009130664837115008,
        -0.0012500997501523141,
        -0.36912294804131096,
        0.9965866476775814,
        0.11099373069489364,
        -0.005639923061409984,
        -0.00012813750054448104
      ],
      [
        0.060540887356310184,
        1.0,
        0.017775628498395844,
        -0.03880560369466926,
        0.03175815265342257,
        -0.026923018547761395,
        -0.00026941600242530494,
        0.01500477164058008,
        0.0389243520547862,
        0.0008931622418706358,
        0.07055470463479613,
        0.05805952970633134,
        0.06072995688879065,
        0.033559438738759904,
        0.07492102293157132,
        0.055895736887314536
      ],
      [
        -0.24285367279792724,
        0.017775628498395844,
        1.0,
        0.07917737560571003,
        0.07637253014689499,
        -0.5768320486783833,
        -0.027457398600641794,
        0.9973855777506363,
        0.9694670511360212,
        -0.029456635940822845,
        -0.34967712650105165,
        0.6575193451958387,
        -0.2429763950109077,
        -0.3830596643148515,
        -0.2261160454871054,
        0.15959196389045907
      ],
      [
        -0.015612844733490571,
        -0.03880560369466926,
        0.07917737560571002,
        1.0,
        -0.035616822576479926,
        -0.11701380756605459,
        0.0018366177816776374,
        0.07368048018830965,
        0.0996691707230459,
        -0.01562932495795351,
        -0.20523486855913375,
        -0.08487846135434368,
        -0.015834137164310126,
        -0.10082345444968487,
        -0.2093547984126023,
        -0.028281793245943845
      ],
      [
        0.09955540103268067,
        0.03175815265342258,
        0.07637253014689499,
        -0.035616822576479926,
        1.0,
        0.13640121588961865,
        -0.014354378600568537,
        0.08100836380145042,
        0.10644211156320035,
        -0.005604875236857597,
        0.00635909255126821,
        0.0026272090560064145,
        0.09958440331751402,
        -0.02680078653275087,
        0.012275963407602083,
        0.6327748644583596
      ],
      [
        0.21107838644865748,
        -0.026923018547761395,
        -0.5768320486783833,
        -0.11701380756605459,
        0.13640121588961868,
        1.0,
        -0.029022612660330342,
        -0.5656938605426869,
        -0.5357154633682102,
        -0.04696999932603176,
        0.35451426149205295,
        -0.4668211615999455,
        0.21127856103843967,
        0.274606779089753,
        0.20669786823130235,
        0.03559589652826946
      ],
      [
        0.012182016746622691,
        -0.00026941600242530494,
        -0.027457398600641794,
        0.0018366177816776376,
        -0.014354378600568537,
        -0.029022612660330342,
        1.0,
        -0.028319228135439137,
        -0.02830688324956345,
        -0.006939238564086805,
        -0.005759922890130977,
        -0.01711857693190272,
        0.011936036862449173,
        0.00777825785197773,
        -0.000861770119584198,
        -0.01674210668947871
      ],
      [
        -0.25402241173724954,
        0.015004771640580082,
        0.9973855777506363,
        0.07368048018830965,
        0.08100836380145042,
        -0.5656938605426869,
        -0.028319228135439134,
        1.0,
        0.9597641653195831,
        -0.029670630381713317,
        -0.3300651053036372,
        0.6812712344982058,
        -0.2541357273392197,
        -0.3838312750032923,
        -0.20711639752162125,
        0.16988832782140767
      ],
      [
        -0.15960921574711442,
        0.0389243520547862,
        0.9694670511360212,
        0.09966917072304592,
        0.10644211156320034,
        -0.5357154633682103,
        -0.02830688324956345,
        0.9597641653195831,
        0.9999999999999999,
        -0.03205464795938966,
        -0.4145055261646233,
        0.49258361414788804,
        -0.1597953595386754,
        -0.3738739692842796,
        -0.29895320640625683,
        0.15407379410699573
      ],
      [
        0.00913066483711501,
        0.0008931622418706358,
        -0.02945663594082285,
        -0.01562932495795351,
        -0.005604875236857597,
        -0.04696999932603176,
        -0.006939238564086806,
        -0.029670630381713317,
        -0.03205464795938966,
        0.9999999999999998,
        -0.0009354889919255823,
        -0.0027014819575181086,
        0.009004437525542782,
        0.010013030410791449,
        0.013024015196361982,
        -0.012012722779124027
      ],
      [
        -0.001250099750152314,
        0.07055470463479613,
        -0.34967712650105165,
        -0.20523486855913373,
        0.006359092551268209,
        0.3545142614920529,
        -0.005759922890130977,
        -0.33006510530363725,
        -0.4145055261646233,
        -0.0009354889919255822,
        1.0,
        0.16809309793828278,
        -0.0010060787520865637,
        0.2546518902274593,
        0.9701332721738599,
        0.08745840667996117
      ],
      [
        -0.369122948041311,
        0.05805952970633134,
        0.6575193451958388,
        -0.0848784613543437,
        0.002627209056006415,
        -0.4668211615999455,
        -0.01711857693190272,
        0.6812712344982057,
        0.49258361414788804,
        -0.0027014819575181086,
        0.16809309793828278,
        0.9999999999999999,
        -0.3690174254965413,
        -0.1934374892452928,
        0.2573503045830383,
        0.2011227814011359
      ],
      [
        0.9965866476775814,
        0.06072995688879065,
        -0.2429763950109077,
        -0.015834137164310126,
        0.09958440331751402,
        0.21127856103843967,
        0.011936036862449173,
        -0.2541357273392197,
        -0.1597953595386754,
        0.009004437525542782,
        -0.0010060787520865635,
        -0.3690174254965414,
        0.9999999999999999,
        0.11151585647708755,
        -0.005426369846552611,
        -0.00013368699992530287
      ],
      [
        0.11099373069489366,
        0.03355943873875991,
        -0.3830596643148515,
        -0.10082345444968488,
        -0.02680078653275087,
        0.27460677908975295,
        0.007778257851977729,
        -0.38383127500329234,
        -0.3738739692842795,
        0.010013030410791447,
        0.2546518902274593,
        -0.1934374892452928,
        0.11151585647708753,
        1.0,
        0.21101530656671819,
        -0.061750050965675686
      ],
      [
        -0.005639923061409984,
        0.07492102293157132,
        -0.2261160454871054,
        -0.20935479841260227,
        0.012275963407602085,
        0.20669786823130235,
        -0.000861770119584198,
        -0.20711639752162123,
        -0.2989532064062568,
        0.01302401519636198,
        0.9701332721738598,
        0.2573503045830383,
        -0.005426369846552611,
        0.21101530656671816,
        1.0,
        0.10212146135079919
      ],
      [
        -0.00012813750054448106,
        0.055895736887314536,
        0.15959196389045907,
        -0.028281793245943845,
        0.6327748644583597,
        0.03559589652826946,
        -0.016742106689478713,
        0.16988832782140764,
        0.1540737941069957,
        -0.012012722779124026,
        0.08745840667996116,
        0.2011227814011359,
        -0.00013368699992530284,
        -0.061750050965675686,
        0.10212146135079919,
        1.0
      ]
    ]
  },
  "fault_signatures": {
    "1": {
      "mean_shifts": {
        "hydrocarbon_flow": 15.79033443233543,
        "pipeline_flow": -0.21510708855477556,
        "pipeline_pressure": 0.8544751869231149,
        "tank_level": 0.21140567364533197,
        "pipeline_temperature": -0.00248266902389258,
        "tank_temperature": -0.42973871790607104,
        "separator_level": -0.007929001528595084,
        "tank_pressure": 0.7923407325165498,
        "pump_outlet_pressure": 1.1537742715227746,
        "pump_flow": 0.0011150791313145716,
        "pump_temperature": 5.705866781314265,
        "pump_power": -0.8645915037251564,
        "isolation_valve": 15.786453401519093,
        "relief_valve": -1.3705723882764183,
        "steam_valve": 5.822941762938227,
        "pump_speed": -0.2216665981469729
      },
      "variance_ratios": {
        "hydrocarbon_flow": 4.936461978580431,
        "pipeline_flow": 1.160883797928109,
        "pipeline_pressure": 4.485833968897625,
        "tank_level": 2.1874339071762656,
        "pipeline_temperature": 1.0514159197463733,
        "tank_temperature": 3.3143106533326696,
        "separator_level": 1.0051607099294033,
        "tank_pressure": 4.365478561766262,
        "pump_outlet_pressure": 5.149894346898813,
        "pump_flow": 1.0138184286446303,
        "pump_temperature": 4.346448656802023,
        "pump_power": 4.320682514891372,
        "isolation_valve": 4.9351651506493,
        "relief_valve": 1.8826268722373452,
        "steam_valve": 5.298783737880885,
        "pump_speed": 1.4743638084167077
      }
    },
    "2": {
      "mean_shifts": {
        "hydrocarbon_flow": 0.9467662733700968,
        "pipeline_flow": 1.406668265613509,
        "pipeline_pressure": -0.0026254452263243105,
        "tank_level": -0.10374589653802418,
        "pipeline_temperature": 0.0035314187553350494,
        "tank_temperature": 3.5753214516979845,
        "separator_level": -0.14747544674202265,
        "tank_pressure": -0.07979682108575725,
        "pump_outlet_pressure": 0.5208895611836086,
        "pump_flow": 0.024951633496970854,
        "pump_temperature": -5.594069475967134,
        "pump_power": 0.22185495346516756,
        "isolation_valve": 0.946533921911428,
        "relief_valve": 25.612967495700072,
        "steam_valve": -6.768346138097021,
        "pump_speed": 0.6023622217198618
      },
      "variance_ratios": {
        "hydrocarbon_flow": 1.0324639675505054,
        "pipeline_flow": 1.114703156146057,
        "pipeline_pressure": 2.782907606760074,
        "tank_level": 1.0371830809000095,
        "pipeline_temperature": 1.004797832850663,
        "tank_temperature": 2.9556374368952016,
        "separator_level": 1.0021640428088208,
        "tank_pressure": 2.7131107165937203,
        "pump_outlet_pressure": 2.944323757897011,
        "pump_flow": 1.003146840554816,
        "pump_temperature": 2.676028520045434,
        "pump_power": 1.396866455004871,
        "isolation_valve": 1.0323108969331627,
        "relief_valve": 8.670934662054748,
        "steam_valve": 3.4080188792073987,
        "pump_speed": 1.044481571052398
      }
    },
    "3": {
      "mean_shifts": {
        "hydrocarbon_flow": 1.841325052828825e-05,
        "pipeline_flow": 0.00039091488421704595,
        "pipeline_pressure": -0.00014398888786328908,
        "tank_level": -9.947885900626911e-06,
        "pipeline_temperature": 0.0005693810924486262,
        "tank_temperature": 0.000978409003694819,
        "separator_level": 4.0293272759518554e-06,
        "tank_pressure": -0.00018937602191253106,
        "pump_outlet_pressure": 0.00020363267523819517,
        "pump_flow": 8.365428023882904e-07,
        "pump_temperature": -0.00014117306194754778,
        "pump_power": -0.0004411376585747634,
        "isolation_valve": 1.8070033414743887e-05,
        "relief_valve": 0.006911480861795448,
        "steam_valve": -0.0005587660254816931,
        "pump_speed": 0.13627386249440523
      },
      "variance_ratios": {
        "hydrocarbon_flow": 0.9999789338367326,
        "pipeline_flow": 1.0000635102512871,
        "pipeline_pressure": 1.000590820411093,
        "tank_level": 1.0000843148249612,
        "pipeline_temperature": 0.9997910234505051,
        "tank_temperature": 1.00029143218893,
        "separator_level": 0.9999999642101076,
        "tank_pressure": 1.0005901352026998,
        "pump_outlet_pressure": 1.0007356689466593,
        "pump_flow": 1.0000000624536085,
        "pump_temperature": 0.9996631052036783,
        "pump_power": 1.0002126281593946,
        "isolation_valve": 0.9999792869951561,
        "relief_valve": 1.0003705667939566,
        "steam_valve": 0.9995663634097511,
        "pump_speed": 0.999790560184848
      }
    },
    "4": {
      "mean_shifts": {
        "hydrocarbon_flow": 3.1742516039024926e-06,
        "pipeline_flow": -4.473874858748026e-05,
        "pipeline_pressure": 7.919654593215168e-05,
        "tank_level": 1.4759474486083036e-06,
        "pipeline_temperature": -0.0021791386620710266,
        "tank_temperature": -0.0001336053557772334,
        "separator_level": -7.780769917046167e-06,
        "tank_pressure": 8.365294201338604e-05,
        "pump_outlet_pressure": 7.515818837217374e-05,
        "pump_flow": -3.021929803768454e-06,
        "pump_temperature": -0.00017412096326385645,
        "pump_power": 2.53360183253886e-05,
        "isolation_valve": 2.952198128145804e-06,
        "relief_valve": -2.150976616507317e-05,
        "steam_valve": -0.0001513454107442062,
        "pump_speed": 6.687269907090125
      },
      "variance_ratios": {
        "hydrocarbon_flow": 1.0000174134324564,
        "pipeline_flow": 1.0000162579372707,
        "pipeline_pressure": 1.0000578129563116,
        "tank_level": 1.0000375351729551,
        "pipeline_temperature": 1.035227866286985,
        "tank_temperature": 1.0016240720603775,
        "separator_level": 0.9999937016388619,
        "tank_pressure": 1.0000677109946532,
        "pump_outlet_pressure": 0.9999657145150086,
        "pump_flow": 0.9999879746708329,
        "pump_temperature": 1.0003334902129217,
        "pump_power": 1.0001997535211549,
        "isolation_valve": 1.0000170623179572,
        "relief_valve": 1.0000371804825818,
        "steam_valve": 1.0004563254120211,
        "pump_speed": 1.6725537299981534
      }
    },
    "5": {
      "mean_shifts": {
        "hydrocarbon_flow": 0.0002502726368675724,
        "pipeline_flow": -0.1080698338298441,
        "pipeline_pressure": -0.1491886992446935,
        "tank_level": 0.0009062538781125573,
        "pipeline_temperature": -0.0006510202923784086,
        "tank_temperature": 0.4939262415286545,
        "separator_level": -0.022865725699002044,
        "tank_pressure": -0.13912857285314562,
        "pump_outlet_pressure": -0.19900747107635525,
        "pump_flow": -0.055499881007465876,
        "pump_temperature": -0.12168662968126048,
        "pump_power": -0.12878261741291078,
        "isolation_valve": 0.0002499590075755043,
        "relief_valve": -0.016507508918731727,
        "steam_valve": -0.2386423177247701,
        "pump_speed": -0.11858938377399249
      },
      "variance_ratios": {
        "hydrocarbon_flow": 1.9545797415045072,
        "pipeline_flow": 1.112194941433332,
        "pipeline_pressure": 2.913406584677714,
        "tank_level": 1.5702573747807569,
        "pipeline_temperature": 1.0341303243212436,
        "tank_temperature": 2.6665492114423013,
        "separator_level": 1.0027321529675552,
        "tank_pressure": 2.9112911684893024,
        "pump_outlet_pressure": 2.819303653287401,
        "pump_flow": 1.0126979701108574,
        "pump_temperature": 3.222190929609949,
        "pump_power": 2.9824986368969113,
        "isolation_valve": 1.9541475650353635,
        "relief_valve": 1.570863169134406,
        "steam_valve": 3.1423940832762254,
        "pump_speed": 1.2979813929288644
      }
    },
    "6": {
      "mean_shifts": {
        "hydrocarbon_flow": -7.788761049382804,
        "pipeline_flow": -0.20254038777122318,
        "pipeline_pressure": 32.2293427096962,
        "tank_level": -1.448257561554111,
        "pipeline_temperature": 0.1170454939233839,
        "tank_temperature": -24.041403251306164,
        "separator_level": 0.2457124029557956,
        "tank_pressure": 29.900223523861758,
        "pump_outlet_pressure": 43.70556348750924,
        "pump_flow": -0.36684587915850103,
        "pump_temperature": 2.7919571232794493,
        "pump_power": -18.003239769054485,
        "isolation_valve": 23.33891068033953,
        "relief_valve": -17.36637420568368,
        "steam_valve": 15.601836914364931,
        "pump_speed": 16.352457739927694
      },
      "variance_ratios": {
        "hydrocarbon_flow": 1.5967044102341041,
        "pipeline_flow": 0.7180525665072677,
        "pipeline_pressure": 12.927299312123385,
        "tank_level": 1.2643382765196955,
        "pipeline_temperature": 1.061777365081895,
        "tank_temperature": 10.31935617809152,
        "separator_level": 0.5467382912388915,
        "tank_pressure": 12.092809877151806,
        "pump_outlet_pressure": 16.93636649364376,
        "pump_flow": 0.9865294984912397,
        "pump_temperature": 2.101737197930485,
        "pump_power": 5.608672636652097,
        "isolation_valve": 5.339743280471099,
        "relief_valve": 9.384000160872716,
        "steam_valve": 7.104109122792288,
        "pump_speed": 68.47396599002415
      }
    },
    "7": {
      "mean_shifts": {
        "hydrocarbon_flow": 0.025178220012934314,
        "pipeline_flow": -0.01433962929492419,
        "pipeline_pressure": 0.07682165946117175,
        "tank_level": -0.444380245677025,
        "pipeline_temperature": 0.00018630484296299954,
        "tank_temperature": -0.124945837525998,
        "separator_level": 0.0021065799398997703,
        "tank_pressure": 0.07670252672939612,
        "pump_outlet_pressure": 0.05699487772238746,
        "pump_flow": -3.880521029836701e-05,
        "pump_temperature": 0.6714832018148265,
        "pump_power": -0.22277122026329915,
        "isolation_valve": 0.025171940424021075,
        "relief_valve": -0.020094114400206864,
        "steam_valve": 1.1661038684547682,
        "pump_speed": -0.020199876895529125
      },
      "variance_ratios": {
        "hydrocarbon_flow": 3.395859585217476,
        "pipeline_flow": 1.422524671471769,
        "pipeline_pressure": 5.735653420574452,
        "tank_level": 3.3251796133186784,
        "pipeline_temperature": 1.1868190269362033,
        "tank_temperature": 4.333352387161918,
        "separator_level": 1.0099947528432174,
        "tank_pressure": 5.761701975120285,
        "pump_outlet_pressure": 5.410327463422273,
        "pump_flow": 1.012282344329712,
        "pump_temperature": 5.535275721127633,
        "pump_power": 6.04482410210781,
        "isolation_valve": 3.395219356981475,
        "relief_valve": 2.4189495902548077,
        "steam_valve": 5.935512971821373,
        "pump_speed": 2.065377687225849
      }
    },
    "8": {
      "mean_shifts": {
        "hydrocarbon_flow": 0.208529391788711,
        "pipeline_flow": -0.010977651457848488,
        "pipeline_pressure": -0.284000939861414,
        "tank_level": -0.003294085953475722,
        "pipeline_temperature": -0.00015071852403422806,
        "tank_temperature": 0.17853385762433266,
        "separator_level": 0.0011557380971873024,
        "tank_pressure": -0.21720697435413416,
        "pump_outlet_pressure": -0.7000620194242663,
        "pump_flow": 0.0011512190773342226,
        "pump_temperature": 0.6101166404601757,
        "pump_power": 0.9677088073214081,
        "isolation_valve": 0.2084823434591082,
        "relief_valve": -0.22487988964160072,
        "steam_valve": 1.113416794892717,
        "pump_speed": 0.04476066632136934
      },
      "variance_ratios": {
        "hydrocarbon_flow": 5.8885996669556135,
        "pipeline_flow": 1.4493008228229023,
        "pipeline_pressure": 6.859711056375584,
        "tank_level": 3.068619122965259,
        "pipeline_temperature": 1.2032999232517758,
        "tank_temperature": 5.106883319646771,
        "separator_level": 1.0120613704948085,
        "tank_pressure": 6.685926469989502,
        "pump_outlet_pressure": 7.885479810500361,
        "pump_flow": 1.0311671107295308,
        "pump_temperature": 6.341555477550992,
        "pump_power": 6.6941526619573,
        "isolation_valve": 5.887145454781692,
        "relief_valve": 5.883382275599544,
        "steam_valve": 6.820634027611307,
        "pump_speed": 2.016185528522365
      }
    },
    "9": {
      "mean_shifts": {
        "hydrocarbon_flow": 0.00020645980237357382,
        "pipeline_flow": -6.350193079716702e-05,
        "pipeline_pressure": 1.7593326709127246e-05,
        "tank_level": 2.591025761172826e-05,
        "pipeline_temperature": -0.0001193188311242629,
        "tank_temperature": -0.00013077196318536232,
        "separator_level": 1.3552830874519536e-05,
        "tank_pressure": -1.4747327185595223e-05,
        "pump_outlet_pressure": 9.730684633071736e-05,
        "pump_flow": 5.628830637852453e-06,
        "pump_temperature": 0.0005944252612274122,
        "pump_power": -0.00060859782936815,
        "isolation_valve": 0.0002065630118579161,
        "relief_valve": 0.0003429248835239168,
        "steam_valve": 0.0009296398076282993,
        "pump_speed": 0.0009470796752997504
      },
      "variance_ratios": {
        "hydrocarbon_flow": 1.0040519063451356,
        "pipeline_flow": 1.0016498394086748,
        "pipeline_pressure": 1.0153352538000175,
        "tank_level": 1.0043640529652844,
        "pipeline_temperature": 1.007605129686925,
        "tank_temperature": 1.008200117627114,
        "separator_level": 1.0000157121494353,
        "tank_pressure": 1.015560770727623,
        "pump_outlet_pressure": 1.016328693943041,
        "pump_flow": 1.0000251586619486,
        "pump_temperature": 1.0062044586979175,
        "pump_power": 1.0168975341713722,
        "isolation_valve": 1.0040331155065307,
        "relief_valve": 1.0041687647524262,
        "steam_valve": 1.0075396712135603,
        "pump_speed": 1.0118218451741432
      }
    },
    "10": {
      "mean_shifts": {
        "hydrocarbon_flow": 0.0021051837456237915,
        "pipeline_flow": -0.0015516144889126677,
        "pipeline_pressure": 0.014610965447234182,
        "tank_level": 0.00047203013613640317,
        "pipeline_temperature": -8.582582594858868e-05,
        "tank_temperature": -0.014127295185086377,
        "separator_level": 0.0003012507685194324,
        "tank_pressure": 0.013857046279858494,
        "pump_outlet_pressure": 0.01701661144798415,
        "pump_flow": -7.103480508417097e-05,
        "pump_temperature": 0.05943460170360056,
        "pump_power": -0.014946093000565498,
        "isolation_valve": 0.002104722778572477,
        "relief_valve": -0.003330437528136378,
        "steam_valve": 0.1222820044808274,
        "pump_speed": -0.003759747070113107
      },
      "variance_ratios": {
        "hydrocarbon_flow": 1.2487447250707822,
        "pipeline_flow": 1.0171136327848278,
        "pipeline_pressure": 1.546275637300782,
        "tank_level": 1.1386274020877833,
        "pipeline_temperature": 1.007654018942086,
        "tank_temperature": 1.3051900685995848,
        "separator_level": 1.0005395468499236,
        "tank_pressure": 1.5495749219856418,
        "pump_outlet_pressure": 1.4952291425296764,
        "pump_flow": 1.000544893472729,
        "pump_temperature": 2.8540445312589973,
        "pump_power": 1.6035488257530275,
        "isolation_valve": 1.2487937264186593,
        "relief_valve": 1.1245573742165522,
        "steam_valve": 2.3207433268330675,
        "pump_speed": 1.0594686015422823
      }
    },
    "11": {
      "mean_shifts": {
        "hydrocarbon_flow": 7.444980404394834e-05,
        "pipeline_flow": -2.339448474039707e-05,
        "pipeline_pressure": 0.0001403745489471758,
        "tank_level": -4.751074868400751e-05,
        "pipeline_temperature": -0.001446479171250224,
        "tank_temperature": -0.00043649334131026383,
        "separator_level": 1.6561924550607178e-05,
        "tank_pressure": 0.0001306409775176935,
        "pump_outlet_pressure": 0.00031130828401948474,
        "pump_flow": -8.02821696693533e-06,
        "pump_temperature": 0.002189338691946134,
        "pump_power": -0.0007161486210284188,
        "isolation_valve": 7.43079593117708e-05,
        "relief_valve": -2.5581164045855033e-05,
        "steam_valve": 0.0027472174548716735,
        "pump_speed": 0.513769958935816
      },
      "variance_ratios": {
        "hydrocarbon_flow": 1.0004619541521356,
        "pipeline_flow": 1.0003275513292245,
        "pipeline_pressure": 1.0099900387086178,
        "tank_level": 1.000563749641586,
        "pipeline_temperature": 4.231540371874988,
        "tank_temperature": 1.1371711339579869,
        "separator_level": 1.0001992172093368,
        "tank_pressure": 1.0101260219142625,
        "pump_outlet_pressure": 1.0068904210178622,
        "pump_flow": 1.0013409404065672,
        "pump_temperature": 1.020037951676086,
        "pump_power": 1.0065845407003977,
        "isolation_valve": 1.0004660993280392,
        "relief_valve": 1.0024710926679625,
        "steam_valve": 1.0032538030953086,
        "pump_speed": 6.399144722032556
      }
    },
    "12": {
      "mean_shifts": {
        "hydrocarbon_flow": -0.07826050393826263,
        "pipeline_flow": 0.053367853752455584,
        "pipeline_pressure": 1.4770667674014912,
        "tank_level": -0.05287817180395374,
        "pipeline_temperature": 0.008071814296421296,
        "tank_temperature": -1.1904002310040893,
        "separator_level": -0.00814746649306099,
        "tank_pressure": 1.4725828613179894,
        "pump_outlet_pressure": 1.3592629552903313,
        "pump_flow": -0.0135207105871665,
        "pump_temperature": 1.5007447472422752,
        "pump_power": 0.20742627287305299,
        "isolation_valve": -0.07910791375443144,
        "relief_valve": -0.6453381476746243,
        "steam_valve": 1.946118641498666,
        "pump_speed": 0.34953879511988944
      },
      "variance_ratios": {
        "hydrocarbon_flow": 4.6397035123400165,
        "pipeline_flow": 2.037544189190361,
        "pipeline_pressure": 10.516372865164767,
        "tank_level": 4.516301883145199,
        "pipeline_temperature": 2.2917028130939587,
        "tank_temperature": 9.362262362600895,
        "separator_level": 1.1025206491627788,
        "tank_pressure": 10.598891010940758,
        "pump_outlet_pressure": 9.88087810553419,
        "pump_flow": 1.3844762793444862,
        "pump_temperature": 5.986134102886535,
        "pump_power": 9.63658319839843,
        "isolation_valve": 4.640455761597497,
        "relief_valve": 5.013261601918359,
        "steam_valve": 6.982190901116797,
        "pump_speed": 11.907363724977932
      }
    },
    "13": {
      "mean_shifts": {
        "hydrocarbon_flow": -0.024375204039128278,
